   60.00 -0.10000E+01 -1.000
   70.00  0.15810E+09  0.000
   80.00  0.38010E+09  0.001
   90.00  0.77813E+10  0.018
  100.00  0.48878E+11  0.116
  110.00  0.59147E+11  0.141
  120.00  0.56237E+11  0.134
  130.00  0.59956E+11  0.142
  140.00  0.63544E+11  0.151
  150.00  0.67702E+11  0.161
  160.00  0.72668E+11  0.173
  170.00  0.78904E+11  0.188
  180.00  0.87594E+11  0.208
  190.00  0.10564E+12  0.251
  200.00  0.13677E+12  0.325
  210.00  0.17292E+12  0.411
  220.00  0.21328E+12  0.507
  230.00  0.25635E+12  0.609
  240.00  0.29991E+12  0.713
  250.00  0.34113E+12  0.811
  260.00  0.37677E+12  0.895
  270.00  0.40356E+12  0.959
  280.00  0.41853E+12  0.995
  290.00  0.42019E+12  0.999
  300.00  0.41560E+12  0.988
  310.00  0.40700E+12  0.967
  320.00  0.39515E+12  0.939
  330.00  0.38079E+12  0.905
  340.00  0.36464E+12  0.867
  350.00  0.34732E+12  0.825
  360.00  0.32937E+12  0.783
  370.00  0.31122E+12  0.740
  380.00  0.29321E+12  0.697
  390.00  0.27562E+12  0.655
  400.00  0.25863E+12  0.615
  410.00  0.24237E+12  0.576
  420.00  0.22694E+12  0.539
  430.00  0.21237E+12  0.505
  440.00  0.19868E+12  0.472
  450.00  0.18587E+12  0.442
  460.00  0.17391E+12  0.413
  470.00  0.16278E+12  0.387
  480.00  0.15244E+12  0.362
  490.00  0.14284E+12  0.339
  500.00  0.13393E+12  0.318
  510.00  0.12568E+12  0.299
  520.00  0.11803E+12  0.281
  530.00  0.11095E+12  0.264
  540.00  0.10439E+12  0.248
  550.00  0.98302E+11  0.234
  560.00  0.92662E+11  0.220
  570.00  0.87430E+11  0.208
  580.00  0.82573E+11  0.196
  590.00  0.78063E+11  0.186
  600.00  0.73871E+11  0.176
  610.00  0.69973E+11  0.166
  620.00  0.66343E+11  0.158
  630.00  0.62962E+11  0.150
  640.00  0.59809E+11  0.142
  650.00  0.56867E+11  0.135
  660.00  0.54119E+11  0.129
  670.00  0.51550E+11  0.123
  680.00  0.49146E+11  0.117
  690.00  0.46895E+11  0.111
  700.00  0.44784E+11  0.106
  710.00  0.42804E+11  0.102
  720.00  0.40945E+11  0.097
  730.00  0.39198E+11  0.093
  740.00  0.37554E+11  0.089
  750.00  0.36007E+11  0.086
  760.00  0.34549E+11  0.082
  770.00  0.33174E+11  0.079
  780.00  0.31876E+11  0.076
  790.00  0.30651E+11  0.073
  800.00  0.29492E+11  0.070
  810.00  0.28396E+11  0.067
  820.00  0.27358E+11  0.065
  830.00  0.26375E+11  0.063
  840.00  0.25443E+11  0.060
  850.00  0.24558E+11  0.058
  860.00  0.23718E+11  0.056
  870.00  0.22920E+11  0.054
  880.00  0.22161E+11  0.053
  890.00  0.21439E+11  0.051
  900.00  0.20752E+11  0.049
  910.00  0.20097E+11  0.048
  920.00  0.19472E+11  0.046
  930.00  0.18877E+11  0.045
  940.00  0.18308E+11  0.044
  950.00  0.17765E+11  0.042
  960.00  0.17246E+11  0.041
  970.00  0.16750E+11  0.040
  980.00  0.16275E+11  0.039
  990.00  0.15820E+11  0.038
 1000.00  0.15385E+11  0.037
 1010.00  0.14968E+11  0.036
 1020.00  0.14568E+11  0.035
 1030.00  0.14184E+11  0.034
 1040.00  0.13816E+11  0.033
 1050.00  0.13462E+11  0.032
 1060.00  0.13123E+11  0.031
 1070.00  0.12796E+11  0.030
 1080.00  0.12482E+11  0.030
 1090.00  0.12180E+11  0.029
 1100.00  0.11889E+11  0.028
 1110.00  0.11609E+11  0.028
 1120.00  0.11339E+11  0.027
 1130.00  0.11079E+11  0.026
 1140.00  0.10829E+11  0.026
 1150.00  0.10587E+11  0.025
 1160.00  0.10354E+11  0.025
 1170.00  0.10128E+11  0.024
 1180.00  0.99108E+10  0.024
 1190.00  0.97007E+10  0.023
 1200.00  0.94977E+10  0.023
 1210.00  0.93014E+10  0.022
 1220.00  0.91115E+10  0.022
 1230.00  0.89278E+10  0.021
 1240.00  0.87500E+10  0.021
 1250.00  0.85779E+10  0.020
 1260.00  0.84112E+10  0.020
 1270.00  0.82498E+10  0.020
 1280.00  0.80933E+10  0.019
 1290.00  0.79416E+10  0.019
 1300.00  0.77945E+10  0.019
 1310.00  0.76518E+10  0.018
 1320.00  0.75133E+10  0.018
 1330.00  0.73789E+10  0.018
 1340.00  0.72484E+10  0.017
 1350.00  0.71217E+10  0.017
 1360.00  0.69986E+10  0.017
 1370.00  0.68790E+10  0.016
 1380.00  0.67627E+10  0.016
 1390.00  0.66497E+10  0.016
 1400.00  0.65397E+10  0.016
 1410.00  0.64328E+10  0.015
 1420.00  0.63287E+10  0.015
 1430.00  0.62275E+10  0.015
 1440.00  0.61289E+10  0.015
 1450.00  0.60329E+10  0.014
 1460.00  0.59394E+10  0.014
 1470.00  0.58483E+10  0.014
 1480.00  0.57595E+10  0.014
 1490.00  0.56730E+10  0.013
 1500.00  0.55886E+10  0.013
 1510.00  0.55064E+10  0.013
 1520.00  0.54262E+10  0.013
 1530.00  0.53479E+10  0.013
 1540.00  0.52716E+10  0.013
 1550.00  0.51970E+10  0.012
 1560.00  0.51243E+10  0.012
 1570.00  0.50533E+10  0.012
 1580.00  0.49839E+10  0.012
 1590.00  0.49161E+10  0.012
 1600.00  0.48500E+10  0.012
 1610.00  0.47853E+10  0.011
 1620.00  0.47221E+10  0.011
 1630.00  0.46603E+10  0.011
 1640.00  0.45999E+10  0.011
 1650.00  0.45408E+10  0.011
 1660.00  0.44830E+10  0.011
 1670.00  0.44265E+10  0.011
 1680.00  0.43712E+10  0.010
 1690.00  0.43171E+10  0.010
 1700.00  0.42641E+10  0.010
 1710.00  0.42123E+10  0.010
 1720.00  0.41615E+10  0.010
 1730.00  0.41118E+10  0.010
 1740.00  0.40631E+10  0.010
 1750.00  0.40154E+10  0.010
 1760.00  0.39687E+10  0.009
 1770.00  0.39229E+10  0.009
 1780.00  0.38781E+10  0.009
 1790.00  0.38341E+10  0.009
 1800.00  0.37910E+10  0.009
 1810.00  0.37487E+10  0.009
 1820.00  0.37073E+10  0.009
 1830.00  0.36666E+10  0.009
 1840.00  0.36267E+10  0.009
 1850.00  0.35876E+10  0.009
 1860.00  0.35493E+10  0.008
 1870.00  0.35116E+10  0.008
 1880.00  0.34746E+10  0.008
 1890.00  0.34384E+10  0.008
 1900.00  0.34027E+10  0.008
 1910.00  0.33678E+10  0.008
 1920.00  0.33334E+10  0.008
 1930.00  0.32997E+10  0.008
 1940.00  0.32666E+10  0.008
 1950.00  0.32341E+10  0.008
 1960.00  0.32021E+10  0.008
 1970.00  0.31707E+10  0.008
 1980.00  0.31398E+10  0.007
 1990.00  0.31095E+10  0.007
 2000.00  0.30797E+10  0.007