:Product: 201503_ace_epam_1h.txt
:Issued: 2015 Apr 01 0510 UT
# Prepared by the U.S. Dept. of Commerce, NOAA, Space Weather Prediction Center
# Please send comments and suggestions to SWPC.Webmaster@noaa.gov 
# 
# Units: Differential Flux particles/cm2-s-ster-MeV
# Units: Anisotropy Index 0.0 - 2.0
# Status(S): 0 = nominal, 4,6,7,8 = bad data, unable to process, 9 = no data
# Missing data values: -1.00e+05, index = -1.00
# Source: ACE Satellite - Electron, Proton, and Alpha Monitor
#
#                      Hourly Averaged Real-time Differential Electron and Proton Flux 
# 
#                Modified Seconds ---------------------------- Differential Flux ---------------------------
# UT Date   Time  Julian  of the  ----- Electron -----   ------------------- Protons keV -------------------  Anis.
# YR MO DA  HHMM    Day    Day    S    38-53   175-315   S    47-68   115-195   310-580   795-1193 1060-1900  Index
#------------------------------------------------------------------------------------------------------------------

2015 03 19  1700   57100   61200  0  1.09e+03  1.54e+01  0  2.46e+03  2.04e+02  4.44e+01  1.48e+01  3.76e+00  -1.00
2015 03 19  1800   57100   64800  0  1.14e+03  1.73e+01  0  3.43e+03  2.25e+02  4.10e+01  1.32e+01  3.59e+00  -1.00
2015 03 19  1900   57100   68400  0  1.07e+03  1.64e+01  0  3.13e+03  1.93e+02  3.60e+01  1.23e+01  3.10e+00  -1.00
2015 03 19  2000   57100   72000  0  1.10e+03  1.65e+01  0  9.29e+03  3.56e+02  3.53e+01  1.17e+01  2.98e+00  -1.00
2015 03 19  2100   57100   75600  0  1.02e+03  1.65e+01  0  2.53e+03  1.80e+02  3.91e+01  1.16e+01  3.13e+00  -1.00
2015 03 19  2200   57100   79200  0  1.13e+03  1.71e+01  0  3.95e+03  2.22e+02  3.40e+01  1.08e+01  2.82e+00  -1.00
2015 03 19  2300   57100   82800  0  1.03e+03  1.70e+01  0  2.64e+03  1.41e+02  2.79e+01  9.57e+00  2.49e+00  -1.00
2015 03 20  0000   57101       0  0  1.06e+03  1.67e+01  0  2.41e+03  1.34e+02  2.66e+01  8.09e+00  2.48e+00  -1.00
2015 03 20  0100   57101    3600  0  1.04e+03  1.56e+01  0  4.26e+03  1.60e+02  2.42e+01  7.67e+00  2.19e+00  -1.00
2015 03 20  0200   57101    7200  0  1.05e+03  1.66e+01  0  2.35e+04  1.08e+03  3.16e+01  7.80e+00  2.15e+00  -1.00
2015 03 20  0300   57101   10800  0  1.02e+03  1.58e+01  0  2.61e+03  1.27e+02  2.47e+01  7.10e+00  2.13e+00  -1.00
2015 03 20  0400   57101   14400  0  1.05e+03  1.86e+01  0  3.48e+03  1.56e+02  2.40e+01  7.16e+00  2.00e+00  -1.00
2015 03 20  0500   57101   18000  0  1.10e+03  2.16e+01  0  4.28e+03  1.86e+02  2.20e+01  6.53e+00  1.82e+00  -1.00
2015 03 20  0600   57101   21600  0  1.21e+03  2.27e+01  0  2.32e+03  1.01e+02  1.89e+01  6.27e+00  1.64e+00  -1.00
2015 03 20  0700   57101   25200  0  1.20e+03  2.32e+01  0  2.17e+03  8.19e+01  1.72e+01  5.71e+00  1.50e+00  -1.00
2015 03 20  0800   57101   28800  0  1.21e+03  2.21e+01  0  2.18e+03  7.77e+01  1.62e+01  5.05e+00  1.34e+00  -1.00
2015 03 20  0900   57101   32400  0  1.23e+03  2.19e+01  0  2.60e+03  9.12e+01  1.59e+01  5.15e+00  1.34e+00  -1.00
2015 03 20  1000   57101   36000  0  1.28e+03  2.19e+01  0  5.40e+03  2.13e+02  1.71e+01  4.93e+00  1.41e+00  -1.00
2015 03 20  1100   57101   39600  0  1.26e+03  2.11e+01  0  2.74e+03  1.03e+02  1.66e+01  4.79e+00  1.41e+00  -1.00
2015 03 20  1200   57101   43200  0  1.24e+03  2.08e+01  0  2.55e+03  8.16e+01  1.50e+01  4.58e+00  1.34e+00  -1.00
2015 03 20  1300   57101   46800  0  1.22e+03  1.91e+01  0  2.19e+03  6.45e+01  1.27e+01  4.05e+00  1.25e+00  -1.00
2015 03 20  1400   57101   50400  0  1.16e+03  1.81e+01  0  2.13e+03  5.46e+01  1.10e+01  3.66e+00  1.04e+00  -1.00
2015 03 20  1500   57101   54000  0  1.19e+03  1.91e+01  0  2.24e+03  6.78e+01  1.38e+01  4.16e+00  1.23e+00  -1.00
2015 03 20  1600   57101   57600  0  1.20e+03  1.87e+01  0  2.46e+03  8.06e+01  1.56e+01  4.54e+00  1.40e+00  -1.00
2015 03 20  1700   57101   61200  0  1.21e+03  1.86e+01  0  2.72e+03  7.48e+01  1.38e+01  4.50e+00  1.33e+00  -1.00
2015 03 20  1800   57101   64800  0  1.24e+03  1.84e+01  0  2.18e+03  6.43e+01  1.32e+01  4.30e+00  1.17e+00  -1.00
2015 03 20  1900   57101   68400  0  1.25e+03  1.85e+01  0  2.13e+03  5.19e+01  1.05e+01  3.31e+00  1.02e+00  -1.00
2015 03 20  2000   57101   72000  0  1.25e+03  1.89e+01  0  2.35e+03  5.55e+01  9.46e+00  2.90e+00  9.26e-01  -1.00
2015 03 20  2100   57101   75600  0  1.28e+03  1.89e+01  0  2.12e+03  3.95e+01  7.22e+00  2.60e+00  7.49e-01  -1.00
2015 03 20  2200   57101   79200  0  1.28e+03  1.89e+01  0  2.12e+03  4.15e+01  7.35e+00  2.74e+00  7.22e-01  -1.00
2015 03 20  2300   57101   82800  0  1.26e+03  1.85e+01  0  4.38e+03  5.75e+01  6.63e+00  2.43e+00  5.81e-01  -1.00
2015 03 21  0000   57102       0  0  1.20e+03  1.89e+01  0  2.37e+03  4.59e+01  6.21e+00  2.31e+00  5.94e-01  -1.00
2015 03 21  0100   57102    3600  0  1.28e+03  1.82e+01  0  2.41e+03  5.30e+01  7.19e+00  2.91e+00  7.30e-01  -1.00
2015 03 21  0200   57102    7200  0  1.31e+03  1.82e+01  0  2.88e+03  7.11e+01  6.91e+00  2.36e+00  5.83e-01  -1.00
2015 03 21  0300   57102   10800  0  1.30e+03  1.74e+01  0  2.11e+03  2.68e+01  4.56e+00  1.54e+00  5.09e-01  -1.00
2015 03 21  0400   57102   14400  0  1.38e+03  1.60e+01  0  2.09e+03  2.44e+01  3.54e+00  1.43e+00  4.33e-01  -1.00
2015 03 21  0500   57102   18000  0  1.54e+03  1.75e+01  0  2.07e+03  1.94e+01  2.53e+00  1.08e+00  2.61e-01  -1.00
2015 03 21  0600   57102   21600  0  1.58e+03  1.77e+01  0  2.08e+03  1.98e+01  2.76e+00  9.47e-01  3.20e-01  -1.00
2015 03 21  0700   57102   25200  0  1.66e+03  1.84e+01  0  2.03e+03  1.95e+01  2.96e+00  1.06e+00  3.08e-01  -1.00
2015 03 21  0800   57102   28800  0  1.78e+03  1.71e+01  0  2.04e+03  1.95e+01  2.79e+00  9.71e-01  3.12e-01  -1.00
2015 03 21  0900   57102   32400  0  1.88e+03  1.61e+01  0  2.04e+03  1.72e+01  2.75e+00  1.44e+00  3.07e-01  -1.00
2015 03 21  1000   57102   36000  0  1.85e+03  1.59e+01  0  2.04e+03  1.63e+01  2.50e+00  9.08e-01  2.72e-01  -1.00
2015 03 21  1100   57102   39600  0  1.89e+03  1.73e+01  0  2.02e+03  1.65e+01  2.57e+00  8.78e-01  2.97e-01  -1.00
2015 03 21  1200   57102   43200  0  2.11e+03  1.78e+01  0  2.02e+03  1.51e+01  2.84e+00  1.09e+00  3.21e-01  -1.00
2015 03 21  1300   57102   46800  0  2.41e+03  1.60e+01  0  2.01e+03  1.57e+01  2.92e+00  1.36e+00  4.21e-01  -1.00
2015 03 21  1400   57102   50400  0  2.50e+03  1.75e+01  0  2.01e+03  1.62e+01  3.44e+00  1.54e+00  5.35e-01  -1.00
2015 03 21  1500   57102   54000  0  2.82e+03  1.91e+01  0  2.04e+03  1.81e+01  4.77e+00  2.04e+00  6.95e-01  -1.00
2015 03 21  1600   57102   57600  0  3.19e+03  1.87e+01  0  2.02e+03  2.13e+01  6.28e+00  2.88e+00  1.06e+00  -1.00
2015 03 21  1700   57102   61200  0  3.52e+03  1.84e+01  0  2.05e+03  2.65e+01  8.79e+00  4.05e+00  1.60e+00  -1.00
2015 03 21  1800   57102   64800  0  3.85e+03  1.97e+01  0  2.11e+03  3.41e+01  8.90e+00  3.95e+00  1.44e+00  -1.00
2015 03 21  1900   57102   68400  0  3.91e+03  1.94e+01  0  2.14e+03  4.08e+01  1.01e+01  4.70e+00  1.69e+00  -1.00
2015 03 21  2000   57102   72000  0  4.14e+03  1.96e+01  0  2.09e+03  3.66e+01  1.14e+01  4.95e+00  1.96e+00  -1.00
2015 03 21  2100   57102   75600  0  3.63e+03  1.90e+01  0  2.09e+03  2.95e+01  7.43e+00  3.25e+00  1.28e+00  -1.00
2015 03 21  2200   57102   79200  0  1.98e+03  1.52e+01  0  2.23e+03  4.01e+01  2.61e+00  6.23e-01  1.67e-01  -1.00
2015 03 21  2300   57102   82800  0  1.96e+03  1.66e+01  0  2.18e+03  3.39e+01  2.43e+00  6.59e-01  1.64e-01  -1.00




