100.00  0.50024E+11  0.113
  150.00  0.70322E+11  0.158
  200.00  0.14738E+12  0.332
  250.00  0.36369E+12  0.818
  300.00  0.43846E+12  0.986
  350.00  0.36515E+12  0.821
  400.00  0.27136E+12  0.610
  450.00  0.19482E+12  0.438
  500.00  0.14033E+12  0.316
  550.00  0.10298E+12  0.232
  600.00  0.77396E+11  0.174
  650.00  0.59589E+11  0.134
  700.00  0.46937E+11  0.106
  750.00  0.37746E+11  0.085
  800.00  0.30923E+11  0.070
  850.00  0.25755E+11  0.058
  900.00  0.21768E+11  0.049
  950.00  0.18639E+11  0.042
 1000.00  0.16145E+11  0.036
 1050.00  0.14130E+11  0.032
 1100.00  0.12481E+11  0.028
 1150.00  0.11115E+11  0.025
 1200.00  0.99733E+10  0.022
 1250.00  0.90088E+10  0.020
 1300.00  0.81871E+10  0.018
 1350.00  0.74814E+10  0.017
 1400.00  0.68709E+10  0.015
 1450.00  0.63391E+10  0.014
 1500.00  0.58729E+10  0.013
 1550.00  0.54620E+10  0.012
 1600.00  0.50977E+10  0.011
 1650.00  0.47731E+10  0.011
 1700.00  0.44827E+10  0.010
 1750.00  0.42216E+10  0.009
 1800.00  0.39859E+10  0.009
 1850.00  0.37724E+10  0.008
 1900.00  0.35782E+10  0.008
 1950.00  0.34011E+10  0.008
 2000.00  0.32390E+10  0.007